user_id,perfil,libros_año,pref_thriller,pref_science_fiction,pref_romance,pref_mystery,pref_fantasy,pref_horror,pref_adventure,pref_crime,pref_detective,pref_suspense,pref_young_adult,pref_historical_fiction,pref_contemporary,pref_biography,pref_history,pref_self_help,pref_psychology,pref_philosophy,pref_business,pref_science,pref_memoir,pref_true_crime
U_0000,moderado,11,0.0015261985233198244,0.01524708319591897,0.024609006604113155,0.0428952302526721,0.014682489796860407,0.006640539113894732,0.003682434036307758,0.1311250713629193,0.025039647675065013,0.0404329743865339,0.11686990236985856,0.004012923575486972,0.0972328044423714,0.0372629993843877,0.008368634515512821,0.024612825539439505,0.06984295262374947,0.03041458481034059,0.19601339028868517,0.021965877498409395,0.06432911091295228,0.02319331909120097
U_0001,ocasional,3,0.04158577404093892,0.041678701863280106,0.031067470776532387,0.03240192975445833,0.09116144958165356,0.042702983589061834,0.02627662065496703,0.009148330646258314,0.04989987781538649,0.016445035023003637,0.02647996101338746,0.036935929943731495,0.09295065823958051,0.06850249337966657,0.0383776966540562,0.08978869262531537,0.06245063629714738,0.005724792402248742,0.08756150242515146,0.03935638406282331,0.0028721221980065595,0.06663095701334426
U_0002,ocasional,4,0.052686161359023875,0.05772834030638843,0.06288467343689456,0.00920262155809005,0.09292124439520924,0.05870718236247817,0.004208928318242706,0.11702620337470973,0.020322752008722113,0.08192560476430592,0.034140852808107205,0.011179823537652407,0.05947889521976221,0.0341256207423227,0.0388025554239181,0.07172810746860613,0.032702451121526636,0.02429697664208026,0.03307403519852716,0.01315327618926618,0.04254854931028283,0.04715514445388326
U_0003,moderado,13,0.05060042931152907,0.07353411650093854,0.03514913101656189,0.04741079149084145,0.10508783644584084,0.0028537713354183755,0.022215707895099322,0.09541028672060252,0.1722487013475468,0.054732729345318296,0.057997117904278674,0.008656188991686424,0.04529198493364525,0.0580793794934112,0.021204419580782986,0.023951964199334107,0.03616871219038873,0.00154821173416533,0.029682738775833134,0.018139674050394218,0.03029548136432982,0.00974062537205306
U_0004,frecuente,37,0.0087013508681521,0.009330298435983183,0.01701804226542255,0.04986010884428795,0.026196548691965145,0.010615509279562048,0.12561606748377854,0.004417937503365219,0.008074735285814183,4.200265670831951e-06,0.009876841878233822,0.09029989482920059,0.07005406214522927,0.0858254566920858,2.4623596746382605e-05,0.02510032092543493,2.078435024780704e-06,0.01781977107802252,0.07596173938781198,0.02128332594685699,0.08397177678009374,0.2599453093812573
U_0005,frecuente,40,0.06056473758316551,0.003098996517183413,0.019576873766369164,0.005599426591736917,0.026625513959204754,0.0009438310852849375,0.024418807226053323,0.015237517643091234,0.17683049926969285,0.052259165791227656,0.028601029865056166,0.2547721994020295,0.0036306266571562947,0.0010390902561214547,0.0792268905533805,0.004590938091644387,0.00955338966564359,0.006340931069228564,0.1153230760285069,0.030257803552254634,0.03619233266486431,0.04531632276110391
U_0006,frecuente,58,0.02992105156841424,0.03483119086952656,0.015641534245983146,0.00045295305445416467,0.030291846063569352,0.011304811969238101,0.05665349137489392,0.14890251695456388,0.07027195943926468,0.06006964132705093,0.002090762135816459,0.062001016482656074,0.0747710050451765,0.029527555609072036,0.021315146677166073,0.02574961843238054,0.02414163676743079,0.08127329226186288,0.0379303323145839,0.06259300243667756,0.1082916647160224,0.011973970254196
U_0007,ocasional,2,0.051390796192178824,0.06164333410907061,0.01784948927358852,0.054355423111325005,0.08370179824324368,0.025207420609714957,0.07057003213266949,0.1405609846529398,0.032697796239357244,0.020631004487536134,0.045282956290066866,0.052187288618619196,0.10547359331261237,0.04412484958185751,0.03522085402078981,0.020151800297374924,0.009392353460941062,0.014832007452717538,0.01474401980991699,0.04060323424671268,0.011454409023286686,0.047924554833479946
U_0008,moderado,20,0.01750331567193385,0.013381409266575424,0.012871934368593735,0.03897108467654379,0.19975111692416356,0.033068672629728846,0.04386480634277792,0.106079613190583,0.0412267412231218,0.01097640576035615,0.01916878242380866,0.019969474627549486,0.027257720366760958,0.0299565167315204,0.08657756685625115,0.02313834537239829,0.033996273283657986,0.052794689901227966,0.02553563669543066,0.09750454760372379,0.04766152608818246,0.018743819995109885
U_0009,ocasional,3,0.1188635624942238,0.0014586960797999652,0.015980855274344355,0.055287287438985956,0.042113346786401565,0.06954778500221448,0.03532080046994087,0.04489702435450869,0.044205393721112256,0.04851638143271383,0.05112609642859982,0.04277965801004362,0.03566017509348906,0.039478047989465526,0.05655609546741763,0.057307171746475136,0.027136299050241754,0.02064461010837145,0.008727060917889978,0.1462186560945066,0.014869796959186726,0.023305199080066938
U_0010,frecuente,32,0.07823649035523415,0.05800901234050211,0.09381599235302737,0.2853988538286757,0.0009415648660706931,0.0023926742052656743,0.01895889636790292,0.040962644147506284,0.003429530553785024,0.12335930992820236,0.03825280357541115,0.020310843655712955,0.011848723763739674,0.04505903231367263,0.0014144926888298556,0.005124114385404992,0.004535702021278249,0.017626451669246566,0.08165430602414951,0.05718118949575582,0.009034840636670833,0.0024525308239553654
U_0011,ocasional,3,0.022073274612309176,0.00954504202657536,0.01547117789652551,0.07608112734273163,0.052962621137964926,0.04251151156342942,0.022809814671182302,0.040567337289592796,0.08059815414585264,0.020264076224636638,0.03597009189170372,0.11437721832860444,0.06115528113159508,0.023084245294232062,0.05777734210020624,0.007769152317765977,0.03487240469853938,0.05773347390643614,0.048951954686264655,0.057345584306114174,0.0663490669668454,0.05173004746089233
U_0012,ocasional,3,0.06774108091153451,0.04220159838541945,0.052876583053609184,0.03215630861803068,0.08210519471520844,0.035787042306801964,0.009859799210734672,0.05489934108996956,0.01487697382369836,0.08965566866949069,0.051635294903122075,0.00481442625105716,0.0698982878435685,0.0470931039937288,0.06329024305311462,0.03951702225194028,0.08682674707270394,0.021287011954682505,0.07222652086621628,0.048148922288227786,0.00690160173968491,0.006201226997455336
U_0013,frecuente,23,0.015578613977668581,0.08812967483607369,0.025522440711428552,0.0008548470646383183,0.0011046385537032447,0.06480881340575284,0.025464949132585568,0.10816643423023645,0.12499500819693346,0.04955407463352754,0.0115043451870219,0.0037924495455578704,0.0010330666007751376,0.21347026954731202,0.06575458214776642,0.00333831062054328,0.026386129498462498,0.004831068627722862,0.01721114662881323,0.11909223940985307,0.02932018117679714,8.671626682641594e-05
U_0014,frecuente,57,0.000664311101659622,0.005599001210433642,0.12429405907543312,0.10389926340457774,0.037338247321485774,0.0006005657898244188,0.01102418022029395,0.05029670750980163,0.0005213384604847045,0.04209484858993622,0.09709228776689231,0.018331481062270477,0.08322513429267922,0.041151307793145284,0.005659378824160905,0.07189544882770742,0.09672456316651501,0.04700314483991271,0.04479032554898031,0.032043603274120196,0.001996588686459156,0.08375421323322635
U_0015,frecuente,50,0.02919192764309319,0.006238303841296131,0.0006593051991180865,0.09456252188995169,0.017416638237857794,0.014335735148688038,0.06799164845717318,0.0028143612762135646,0.07390804046384224,0.0005201027372878026,0.01853964282659191,0.03407775653657559,0.00040148250826443693,0.012888724609183073,0.002354885971301723,0.11614811939812364,0.09842778948935983,0.10663915685700374,0.004933682842574673,0.12676257858419376,9.134099267565658e-05,0.17109625448963034
U_0016,moderado,9,0.019855172885047765,0.012555864473452614,0.16194315867593007,0.02062616041912873,0.08795923247834593,0.010236825763743924,0.009388840119089612,0.0012390886432503679,0.04131448112791192,0.018009010502239867,0.07826269241933022,0.025109756631786308,0.1350808763509266,0.0080393210295851,0.07951425446534097,0.058715579193441815,0.05773284772855183,0.07298160100315877,0.056075720310374,0.038552319132845785,0.0055117787325763895,0.0012954179139413142
U_0017,moderado,17,0.14798639020266127,0.008858396742144536,0.02677757272759358,5.3228644731835525e-05,0.03938909712976193,0.04036541154632561,0.012281913841132086,0.035297903780742004,0.011037433701502555,0.007571774890659723,0.04552364570285201,0.017032490346796575,0.038530787478932196,0.02452135562525962,0.17953300910675116,0.006996954696538031,0.026978852426555188,0.049267258579203554,0.021740158997734592,0.15878604096465596,0.05526415639594665,0.04620616647151973
U_0018,moderado,14,0.12308545661490516,0.09470510743520948,0.0025296203411756023,0.04098088677166795,0.006936729332664009,0.017341660995544884,0.2701503681235208,0.009619680896051738,0.04323511797441876,0.06024420182868179,0.07585562180466252,0.0513234211932045,0.0006144234364263018,0.024730499311056874,0.04563095921608221,0.005755011727726049,0.02701689065009274,0.0021129812023745983,0.005121043916736542,0.03164516865674297,0.008910048604385752,0.05245509996666876
U_0019,moderado,19,0.04306925559433606,0.06280044768162911,0.0015330015098872106,0.0404553654346746,0.1103477456146933,0.004834980271743675,0.08258138423686098,0.03292753705114015,0.03494593036359976,0.03459956327836662,0.012940878675158241,0.09974957336252994,0.10731770381336062,0.03578263111675266,0.055764270631076564,0.03453499717376656,0.024146446390591794,0.0394126002634603,0.029350997520132673,0.03317115778858395,0.055833313456401766,0.023900218771253513
U_0020,moderado,20,0.028022205073162023,0.04931224529112456,0.0031927148074379417,0.002333941992943036,0.010641538770081225,0.006516718443957554,0.07701200690033463,0.009277804988501993,0.1396278804814084,0.01540300175329055,0.007537489205609031,0.05845961596023522,0.04030560967725055,0.02585313213788688,0.030388033153278458,0.047620601414223064,0.00972418897949572,0.21028455212052877,0.13799832744306703,0.03939591208729106,0.008344889298937366,0.0427475900199548
U_0021,frecuente,49,0.022702364196526097,0.14879039696470003,0.1539721310003745,0.08679635847957745,0.03305557651800235,0.034288200485080175,0.00011205177101113218,0.049749175948942716,0.11479380162701831,0.016727937808689742,0.02813915314489009,0.007210189048636991,0.021304100579179003,0.05546773131275736,0.03409929330470335,0.0006198067387903998,0.0012301190995004394,0.047122753113189544,0.06294787009906816,0.06020975115032765,0.020650662069182757,1.0575539851595879e-05
U_0022,moderado,17,0.007552640888400941,0.18848977445646614,0.032562710534415756,0.014497911248978026,0.004110391685799501,0.010017181239443666,0.039495093639873816,0.02212942171258707,0.0950581949102123,0.030351102449658846,0.01539796492092947,0.05169636284782989,0.06605805458633464,0.009841324433209168,0.009878656262319789,0.0020116820445234894,0.07179293355136043,0.05869423124436365,0.03465744927693452,0.10009713444149207,0.0882085099420025,0.04740127368286434
U_0023,moderado,20,0.04635988807617576,0.04406456935620396,0.0019744626749554203,0.24517504943385485,0.007447833237307214,0.014918629405481497,0.0030129078139617274,0.05798993565520235,0.014445938179466692,0.011264903258438845,0.0052631014311590165,0.00618939029827205,0.04987454710064673,0.0661497763841309,0.028747323920017654,0.03710598095666156,0.06574342755406148,0.0009951592282829195,0.02215233104743129,0.20522027202560844,0.049254962561005894,0.016649610401673686
U_0024,moderado,16,0.02798503788855877,0.045838123799568774,0.00627258100232076,0.0012690486379046695,0.015348862993126036,0.0508628252190275,0.009402068924893267,0.04666852600728199,0.1461054206801199,0.004112000134674225,0.04656263321366571,0.024459303144965666,0.08448785102941295,0.008130936294559197,0.04919442591356059,0.07593241112984293,0.12065946149645713,0.04794115446936422,0.028670067415965596,0.04011379086363793,0.0847297713830738,0.03525369835801836
U_0025,ocasional,4,0.03923249375962033,0.02742807598985321,0.060829981423761045,0.10700785044059101,0.006706575728710556,0.06445585504941843,0.025757519163033923,0.039461366929547353,0.07694633356707464,0.05538730037748929,0.05894120384407265,0.02453444101241687,0.009442356780519688,0.07431548127254305,0.0037015391244609986,0.07027356279824329,0.0029673476043579057,0.10437312291080013,0.047004136573032346,0.013092980694359511,0.0528146757277923,0.03532579922830161
U_0026,frecuente,49,0.013848222268310588,0.01891533989186122,0.034010467968321856,0.09151954124364012,0.07357455531927773,3.953216668859617e-05,6.801866081131556e-06,0.19942147107650762,0.2732327852590468,0.001223231178851797,0.007840883725791694,0.01122925619912623,0.0347772665191049,0.046402346875649245,0.008838578190605746,0.0017666989442886184,0.06248882427377052,0.03287957704583134,0.001358382629670099,0.007827833019079624,0.027805402767349746,0.050993001571144975
U_0027,moderado,12,0.04654416283916736,0.03316352278081776,0.041239412653209094,0.07231420764732273,0.047648193451778835,0.008799597446862609,0.0204988544698324,0.10825821488954522,0.06731193202048892,0.03725871077767522,0.013524231417008935,0.016473610683063748,0.06031138023475935,0.08726332273246623,0.05098382796235407,0.0759616258887899,0.06666175744000803,0.007428719261849531,0.025265495779462042,0.007605755437200749,0.01228513559839612,0.09319832858794136
U_0028,moderado,6,0.011170341791473833,0.004600470525182696,0.00109387079525755,0.04696679991244756,0.04271624501035384,0.03617794986458414,0.012066854887962521,0.022670000479089573,0.04127090532187148,0.03139990424193417,0.20142771815382834,0.006707574029097051,0.05431834068996541,0.023688171301873423,0.025559070724371274,0.05781659766254997,0.05391389762259256,0.2167116940055686,0.00628353744397701,0.005026955734250339,0.05892132576140756,0.039491774040361055
U_0029,frecuente,59,0.14427314806812797,0.08143335379268242,0.029054097105600262,0.021306793150738617,0.03533144880065108,0.07970453305536672,0.06556406368220642,0.00961818559882284,0.0065388707366341985,0.025857668498649167,0.02008558559042721,0.0014223898439584823,0.07799016083302737,0.005246238976426771,0.0322517902112258,2.7607444441314507e-07,0.12184300947516875,0.010716882631818546,0.0015588903845695488,0.15571743065950913,0.06990413131927872,0.004581051510665573
U_0030,moderado,9,0.01328954378358529,0.011234999218206733,0.016430066186283565,0.0033751950752162726,0.10170632958628888,0.0296952764376391,0.013416277177306438,0.018612418127163896,0.02181218253627939,0.033771867899512274,0.026678446979696614,0.09266173048725512,0.025283244879473362,0.1784036721011242,0.0701603933340854,0.008604664720728352,0.09816818810128833,0.004552313466164596,0.06258249287375481,0.01762750477476939,0.07740428769366832,0.07452890456050972
U_0031,frecuente,26,0.001903079760197768,0.09674889307068311,4.997402476719446e-05,0.004767681986996439,0.03195991130163068,0.0322355339723273,0.009384547091493136,0.0018474545181174425,0.10262139413872771,0.2691336534542429,0.04701330877122105,0.02180662980594942,0.005156385427370912,0.07776393396540575,0.03484011850267238,0.1367483829998883,2.9830169495431115e-05,0.012688580233260546,0.03086848995280106,0.004275396496465582,0.06972622503689936,0.008430595319386459
U_0032,frecuente,29,0.0016258700453610395,0.007390244041434003,0.020859026202997066,0.07944460092454034,0.007536116412477963,0.022383305132097558,0.0013727936679662344,0.016255277661684085,0.010867072960282727,0.08561023837812001,0.013915322547072756,2.9596348515061654e-05,0.06048016382394705,0.02313753646690516,1.1804453556911288e-05,0.32645029849429413,0.24821345151727534,0.0009675757123283549,0.016588933021969038,0.0007729811508746586,0.0018090451428410016,0.05427874589345941
U_0033,ocasional,1,0.07631785267943551,0.04830132343588107,0.053449046627282844,0.043160794045574005,0.048443963858612,0.03333266780142266,0.03749835544579474,0.09125369584688946,0.049887105335522,0.030956961745622878,0.022864707247988194,0.035846057873022606,0.0801856102581397,0.057631562023451245,0.0019512749405108283,0.0437763796429085,0.02272751036964702,0.08520162021286665,0.019037422197859748,0.03392959607037604,0.021241509068181685,0.06300498327301068
U_0034,ocasional,3,0.04563001032841961,0.016296736935315435,0.02265892617890632,0.0380938683589478,0.09630300861575812,0.11616283903743797,0.01751845673700512,0.04824988822430035,0.022423796957193102,0.011080184182724832,0.05618108247373414,0.041371321210611135,0.04333940683576219,0.03246136937687503,0.04639034279106147,0.04512831057662549,0.06652942304862888,0.018225622685729553,0.06871536557135102,0.06225538255914081,0.0471321961095715,0.03785246120490019
U_0035,ocasional,2,0.04333839844177192,0.019061994760985454,0.01125691589937925,0.03305440016165572,0.06001679726287662,0.06191224796232497,0.06798864549245698,0.03979922420317758,0.08250643899298914,0.041041624625035925,0.016123505799172388,0.020185368655268335,0.07216985768074859,0.016081956346882673,0.014105038720683088,0.09035633168264122,0.04056256175984312,0.04072560362130517,0.06092803032380093,0.0597997889822731,0.03136818745906312,0.07761708116566486
U_0036,moderado,20,0.031177185499849193,0.06705525635513272,0.11381659445913417,0.0470841906050617,0.026017938216334233,0.027865892711875687,0.06229383787464142,0.00016881543672355289,0.05061676510682794,0.023004983550370187,0.0827900210683625,0.005111539823901801,0.046464744501161885,0.03434485001660164,0.05384428841633576,0.0035115888339749984,0.04542984024060366,0.04317256443114614,0.04307418932703085,0.04844568462734256,0.0590984109970848,0.08561081790050223
U_0037,frecuente,51,3.913433135349812e-05,0.03235513676195417,0.041614924373513947,0.07822258068184443,0.04983887387992847,0.06880327284967633,0.04940625317456168,0.002239455942468214,0.03992258056943079,0.05263567556838305,0.024198842454994242,0.002033096936816056,0.026267792216421188,0.04202946903182072,0.06248947496984478,0.0918754045771837,0.010571296205575108,0.017209320251942717,0.17614312876926277,0.13057633198179058,0.0002441479881760827,0.0012838064830575063
U_0038,moderado,9,0.0636092673880939,0.18654418482436674,0.004248027798466829,0.0034927338466538725,0.01971168625816882,0.01803903914105989,0.016864776989517858,0.14073739333591492,0.017067829085001852,0.01886975401732014,0.08469860868589447,0.035515564270220366,0.08913827017388957,0.004019102808665103,0.039750422204106,0.0020328160057454573,0.0038467767340729076,0.1408534854330048,0.008914847198218657,0.045195961347023625,0.03148027586761132,0.02536917658698274
U_0039,moderado,20,0.010869227390088285,0.053033657122938206,0.03196967476905996,0.005508829083821999,0.08600869750857319,0.020110787972614803,0.0707747113764229,0.0623404690295732,0.039391712066094035,0.02743989376905708,0.15646551796379157,0.006299666535762294,0.051951883488106865,0.008535306177134853,0.016608152636579342,0.014850036911983288,0.11818510226637724,0.13765199693082464,0.008130768041318173,0.0008962630115255663,0.051205469595881736,0.02177217635247085
U_0040,frecuente,27,0.04612004185021269,0.014161111817085473,0.07631605873861479,0.03421762981646127,0.1034389093894647,0.0017241366165524762,0.004051849903377024,0.11348882423231198,0.061978726964529926,0.07449985117785834,0.010995556583542412,0.07721818936360403,0.010017776746076068,0.025961985142893263,0.001383155432638089,0.0022665817053527508,0.22737567094416727,0.062403575330652446,0.010248215025307778,0.013247443315134754,0.012003581323478535,0.01688112858068391
U_0041,moderado,17,0.02871601114034652,0.013117881120945899,0.06101598255298196,0.03340002149970155,0.0390169412462031,0.06197440790671962,0.01953850463082027,0.095580407834095,0.029512762245289634,0.006663115808412218,0.046135822579957436,0.061092193849735944,0.014762877757322674,0.07542694910523119,0.09169781631762079,0.012565465966444563,0.15912330711148184,0.005877477745690078,0.00874608367012243,0.007891505374131346,0.08697854632134121,0.04116591821540476
U_0042,frecuente,57,0.02397021685821922,0.0008612468940921633,0.11566277727146317,0.05334993322593065,0.18451261431562516,0.039276309004862675,0.07691554347088153,0.0007795454292721707,0.004342331020475534,0.12567488695024118,0.07383169172536823,0.027446045778772323,0.026076870347535638,0.030196440644599296,0.013891759882675393,0.07441866140942571,0.0012521255843317136,0.0024919179226767178,0.02507440392654824,0.057163673198804804,0.015351062563497166,0.0274599425747014
U_0043,ocasional,3,0.03828127543910387,0.027845682039471877,0.06975085146053389,0.02006031844386724,0.04137536246795023,0.030023732157448843,0.03001852336036425,0.042471165579298704,0.06381079398476058,0.058406256900386457,0.09026465362934462,0.0639728352326304,0.010527684448997045,0.01244883072789119,0.0409001348967136,0.019910013241289014,0.04761423711172343,0.03875509617528947,0.06590539678171853,0.027301714585210295,0.08936110299102659,0.07099433834497984
U_0044,frecuente,29,0.011219403160301534,0.009574176047134944,0.0015311040473210856,0.026545753322266604,0.04488065274875555,0.010866444980492797,0.00027999001485101715,0.14873199703082443,0.043949939356214524,0.004149268094679658,0.006929902452767847,0.00014520901160384233,0.1315320643166976,0.0015957640145717216,0.22190622375560468,0.12998631954050008,0.04028542527444139,0.02238097715639716,0.022816581414258713,0.04553971298989477,0.02374824003966541,0.05140485123075474
U_0045,moderado,18,0.045260953249439184,0.05004058291027948,0.006262584518865976,0.011833011274913713,0.06853260494002966,0.1566607975834149,0.013514446194328083,0.014052610389761227,0.028399498591222604,0.18295131413330942,0.013893999953794164,0.023173108912547494,0.09849185581712429,0.00012973532749988495,0.0017996164749732484,0.04109060678475956,0.10551816083989386,0.012104413542113513,0.02812644208969996,0.026551188535804137,0.02840574317688692,0.04320672475933859
U_0046,moderado,19,0.06662780317694612,0.023262514473430744,0.016375926533597207,0.051322750552104376,0.0003898354341427196,0.0005432372404709269,0.017459466047792964,0.0026416794623039465,0.008071928685661933,0.029217516090826862,0.11456029164261505,0.05992944206548721,0.050754691554961755,0.024530859365631746,0.1895603246395949,0.03571869338822283,0.006434001400769895,0.06777755404186389,0.008533567808284924,0.029900318616164948,0.04999725930658996,0.14639033847253524
U_0047,moderado,18,0.04598860611038691,0.001875578371147826,0.024478362119245624,0.10835225621716743,0.007379920231879583,0.02019364928742095,0.053492134525104464,0.08743307087547042,0.0454286959165929,0.012205586204861466,0.04588644335892206,0.014386912052238143,0.05179826689711092,0.12587476092445274,0.05223081106099057,0.08120595175642017,8.607596785330327e-05,0.051674045145683856,0.07232195053895588,0.0016922149118430816,0.08389052649597545,0.012124181030276331
U_0048,moderado,9,0.02320180592682453,0.029190670762807885,0.02206562391538585,0.006180744395715838,0.026012770292725355,0.06664808674933598,0.003529035542452431,0.004004454354684677,0.02099318266460998,0.13619774447658084,0.052912763892453044,0.054395191718879556,0.021526991046226334,0.04314903150029945,0.00048789294720469285,0.04843377576385509,0.11715496345246361,0.045432672813790355,0.0991364081773011,0.06167657179048524,0.006155317509087914,0.11151430030683042
U_0049,frecuente,58,0.10073267930668064,0.09580632634735471,0.026695472427944206,0.0006677563597493544,0.17294403945685274,0.004376486434931785,0.09409752032716905,0.014070650202832649,0.02779282023387519,0.03370519712508487,0.013842541882692249,0.032229782255100384,0.0009165842850308289,1.420714157254209e-05,7.049466930287028e-05,0.02599039263324325,0.002572058800489961,0.00018799646382384853,0.24570044485314577,0.02511339498621555,4.221892007068026e-06,0.08246893191490076
U_0050,ocasional,1,0.07492242647908459,0.10940455311725521,0.0376601611758125,0.04740125171343471,0.02598767176187504,0.03801234743783981,0.026856207020492764,0.03526879854531462,0.031238533947906624,0.10839493081392224,0.0631523529784672,0.02933328444570146,0.03533371767331512,0.05337293728263363,0.012723459049305238,0.04285642411733274,0.06074172396815389,0.05536607433914187,0.01943159633761239,0.02275960283236864,0.004493460137279535,0.06528848482575034
U_0051,ocasional,3,0.044837695477787806,0.026333595307732934,0.015899014578613844,0.07281253176165033,0.10601569378658732,0.027957184128983185,0.051534823877926586,0.043161239013849995,0.006319990612183009,0.07648168482465456,0.044914617932970524,0.10098746608055044,0.022783665270262425,0.03421498230729675,0.01578244598946074,0.036018209850416365,0.03299230219463438,0.004485443572471344,0.12806349189663593,0.012143256947290675,0.05198025549045312,0.044280409097587674
U_0052,ocasional,4,0.028568330752557065,0.07797059578044775,0.01237519024112395,0.015601658474700799,0.0519012963926224,0.014591556521190475,0.12213325048598032,0.043502211521373374,0.07040103673395844,0.014509593799524321,0.0701935133278342,0.007705128512529267,0.03561565774420439,0.034692120610501156,0.08478997067248623,0.017143969150737168,0.11448839691884552,0.05402702335868958,0.041443587672973466,0.05431751260126179,0.027895652064923056,0.006132746661534918
U_0053,ocasional,4,0.026509305974601074,0.06721722801056952,0.07238882021553555,0.040901638737229615,0.08765942115487949,0.02233576455590341,0.029785155699031035,0.06980632573101526,0.045351886142628556,0.12910110151073342,0.012382201785182912,0.013314320004300361,0.03933993275112337,0.045420086705651064,0.014054041628158388,0.0635092860806424,0.04976085831478754,0.01973806829183396,0.03829589153355,0.0621611322631715,0.03816000631188678,0.012807526597584884
U_0054,moderado,7,0.0817669310440586,0.02090961029890851,0.08848905949348494,0.017413176606894988,0.12227382827287789,0.0034380238226688143,0.04269908112811445,0.025027012554577035,0.018028141399547167,0.036817551123619154,0.044731803248105974,0.0001607378210455591,0.0067144884661753754,0.04589044290221167,0.040352248704349454,0.12434612049635668,0.052617833724804115,0.11069088785187839,0.04456874511558612,0.013008666622152925,0.004092659521420387,0.055962949781161626
U_0055,ocasional,4,0.03401746267544199,0.043189887246170976,0.01682713698262939,0.027656699167521663,0.044425009308577505,0.016871447430662725,0.08874181728264277,0.07594343999919634,0.05268619110358572,0.05631259243596469,0.030575457658698877,0.02635850889878596,0.11925459098725108,0.03797644902590103,0.027096928772109456,0.015345024769465893,0.03763133998831505,0.039806077103682065,0.03709345252063915,0.055799272810093475,0.027909191814821193,0.08848202201784314
U_0056,frecuente,36,0.059266050593817565,2.126735332656023e-05,0.07058550134378186,0.0063700572595731765,0.019890290445118666,0.006655159920091406,0.2908740746758157,4.1222314483091206e-05,0.06237375471986594,0.015531615238001614,0.0038570883134804,0.017350928985633066,0.2231411663170123,0.06300235851522139,0.022121368271827646,0.0004232482902372253,0.0037612252776300158,0.0014679701049833682,0.061789430747342215,0.001599219259749236,0.03212349254253449,0.03775350951047288
U_0057,frecuente,58,0.0048410583000639985,0.09073873139903872,0.00022195267697946818,3.52730420226181e-06,0.17321159571285713,0.003356465790759213,0.029948231887591804,0.004328764400854522,0.01212040679638856,0.0015759429361728058,0.0025101378875842096,0.06706414151573294,0.05082546314316807,0.0033587927846963042,0.0022245357165149374,0.003864106928711568,0.023518887774555852,0.0020731644514029,0.10390450026671091,0.17861113856741348,0.24019911019198092,0.0014993435666194185
U_0058,frecuente,52,0.006276303907073763,0.013713761912539677,0.2034480169253143,0.08187407956117451,0.07277023126645246,0.009281755884034576,0.06147208052322336,0.06256561597836624,0.017315399334034542,0.004207616233283683,0.010594559465160934,1.2804409770327157e-08,0.0015450164036999651,0.18925201256501872,0.01717989458698056,6.948547554327914e-05,0.01289618115721011,0.026743458917931496,0.00974725374376602,0.011280801905834685,0.11311259099145923,0.07465387045748788
U_0059,moderado,10,0.001599196343368366,0.00839806249125749,0.08787245389681289,0.01447128745816645,0.13099942182348162,0.03798690263253032,0.02501407185010301,0.037827410336094394,0.03169813257314557,0.061992596608343,0.014472339903039913,0.01898479991258162,0.0978784750557246,0.1276122659568285,0.09725071541129206,0.0237055975431242,0.06608001528221571,0.02820143041176023,0.030003381459259064,0.00998359711103604,0.03898905626744003,0.00897878967239515
U_0060,moderado,8,0.047919568242915704,0.0017744095119006885,0.05375993837979263,0.024101055331507092,0.018611154209325544,0.11255381082556094,0.03277508109018647,0.005312545894698853,0.09324185039076294,0.0025963816781239156,0.06900665963276038,0.07908294942803927,0.023126676588169942,0.09264382650235019,0.03856087758134506,0.033100262456738375,0.0024715359211258635,0.018219193474554057,0.1422186501519546,0.0264508260508417,0.04208392591747265,0.040388820739873
U_0061,frecuente,26,0.0003168796297768076,0.005428252989145147,0.009807189018248407,2.3059599967028968e-07,0.05162280437532277,0.12769939285624002,0.009742015461362623,0.06407608999836274,0.0035015484613010123,0.1834395297390859,0.016412625700135106,0.031717973814181843,0.0029721048688066383,0.037166164803205844,0.0001910513157920052,0.039959140190503,0.06459617426240057,0.0011156928462662963,0.02750090280900219,0.24026292173017433,0.05983989644829202,0.022631418086394968
U_0062,ocasional,2,0.02231276203655293,0.02499859043510897,0.05731132587031685,0.011335561655318504,0.07297623612190138,0.06774988731234795,0.001979770410927298,0.03334478132449294,0.01921272912600283,0.09150083471495059,0.03373044893057161,0.04933114856395396,0.04091564459072884,0.08520944562601757,0.11224528181418962,0.036461032953984486,0.04245693224432665,0.08855627227324019,0.012737643811121574,0.014250461368503525,0.020386666323324847,0.06099654249211692
U_0063,moderado,12,0.13741189703072063,0.0007105483629807333,0.0651172935927546,0.0030921379821560162,0.046240372550871385,0.019702842096870513,0.021285364415793224,0.02529038973213228,0.056407560499318415,0.023617073001287684,0.07664644949720403,0.030115286722568895,0.0041130558731578715,0.08896127771723537,0.019550187206978206,0.03293772609002582,0.06718968276980412,0.02347820651981765,0.0033838868487211684,0.027203613832235338,0.16791403916945427,0.05963110848791171
U_0064,moderado,11,0.04596649799515574,0.0042935667339501354,0.05279138606830214,0.05347631414396322,0.031947794444413036,0.16136452204004137,0.01367591097709652,0.09854410625671581,0.08558144234754327,0.0004013959499779582,0.020789202357816342,0.1312881406391977,0.0037832811738410686,0.02758678473661772,0.13422231323630612,0.028184618611689347,0.007317097988060021,0.030336972039917212,0.00795034146375616,0.025492613220347276,0.0026741014870970002,0.03233159608819483
U_0065,moderado,7,0.031459072418158374,0.014909889979722483,0.01615994650608723,0.0509854114208491,0.16492460344752377,0.04412473368265625,0.0038193884355221634,0.0037473372840052532,0.14421487260253507,0.01682225475003327,0.004605204759805739,0.04357544111832121,0.0465949237467257,0.04985277955182707,0.01483617549843735,0.0007259838132362561,0.15986536351442288,0.013773630680308308,0.053740342638288294,0.05847155004097611,0.0448972640188375,0.017893830091720422
U_0066,frecuente,56,0.006173096826581373,0.04108218929743449,0.00924917011066043,9.095502846022615e-06,0.08451282829382264,0.0005192656035630517,0.030290152680881352,0.060251659046605725,0.009902615688883924,0.08177930636812392,0.009387091340187795,0.050527301932724734,0.021787683433389167,0.0014476569784940322,0.26529820175272667,0.053585513484453444,0.06144568705560479,0.11668880444658762,0.09532478626469792,0.0005096354563276033,0.00017732109157502106,5.093734382814843e-05
U_0067,ocasional,2,0.03372775162587475,0.019255894413886015,0.02184717625397322,0.04255297965940877,0.051154921622341386,0.050189492502084286,0.05054541279354846,0.011198202211050138,0.01839933387382784,0.03660032698278093,0.07402866901327593,0.14843793099678512,0.0445840401421619,0.059343826264935284,0.009960054424416501,0.058240825683259424,0.12347032838988518,0.018339571661678145,0.022459800619186836,0.06485437126620636,0.03624912551724875,0.004559964082184561
U_0068,frecuente,24,0.0033170247116249105,0.012564991280891525,0.0009412357937670678,0.06441355834987929,0.05307879845965419,0.07964750795786711,0.0711855092584117,0.15714855136696265,0.023283128571605013,0.05203349719442076,0.10537310614768149,0.0035102491527282884,0.06435991291710849,0.01049099948176553,0.004039746411383495,0.08072141186729992,0.020495689834643286,0.11415766262352739,0.016039039930619652,1.3203474665346856e-05,0.015855214660473183,0.04732996055301994
U_0069,ocasional,5,0.05722148760280108,0.05521459296953981,0.015889860421542303,0.008970393732404297,0.12549195458455062,0.0400738616972152,0.007799360470777613,0.01817336146074169,0.05884991127341038,0.10634248670193307,0.09512352388898973,0.03887579634516046,0.029236692380199766,0.01173109645046883,0.031138979832706522,0.013251699555784412,0.02087958443783553,0.05316609954357059,0.0241754358678926,0.022901672182593962,0.0280410192759403,0.13745112932394135
U_0070,ocasional,2,0.015408940051332287,0.09811483287648401,0.04702998001466478,0.004178896445278443,0.03666671838601204,0.05449967852748051,0.033460289048090286,0.03673494712281035,0.023426637523127358,0.03407916861683311,0.0816577397806114,0.049158031889829104,0.026627161656468615,0.033539853195625115,0.10408019058937566,0.015986863673970987,0.023637074948999384,0.03666963348649415,0.025256233359493546,0.1007200205783063,0.08305549150830142,0.03601161672041105
U_0071,frecuente,54,0.10648622610267844,0.0005880097145731952,0.046591005270642166,0.09619218646980716,0.06701051836008123,0.09199236296433441,0.005060333166033179,0.09539030509627426,0.09944083800114259,0.062328063293518844,0.04567274172143051,0.0032592660175248616,0.08171781064573376,0.00544521932085228,0.00776348809681878,0.02402665603171431,0.0007886461256719397,0.01950569446946202,0.06376369813275475,0.00984432264225552,0.00928179834735955,0.057850810009336236
U_0072,frecuente,52,0.0038225590645841433,0.005016270730341792,0.007343718959434802,0.10422687329273943,0.07914479797902522,0.0008191774837265635,0.014227748294590534,0.00010174479476353848,0.00011892490513085217,0.006212275488414345,0.0001593272010558078,0.010942082197758952,0.16347671310986853,0.17983050088523522,0.11040807647260961,0.006502053864619723,0.0004743319216128231,0.07451259812877362,0.13377430168417503,5.273764564675105e-05,0.08857445206989542,0.010258733825997403
U_0073,ocasional,3,0.12202836219059392,0.013067895603428293,0.07063574769945198,0.005440973598848298,0.007350819822893911,0.08099371704299885,0.05810404045103462,0.09606469183844768,0.10813815865996937,0.0830544322656581,0.007545244529795325,0.02596527823648317,0.03326618945241524,0.055035982357292845,0.06345115839707047,0.02480746447408473,0.021488589692858644,0.037190883734640925,0.03559908135896255,0.01737773941127321,0.009303072984520249,0.0240904761972776
U_0074,ocasional,1,0.02718405971331612,0.04598219665304056,0.09813223301264284,0.06484004349739636,0.036880044346795544,0.05341202919359244,0.042755032595709154,0.01238076135467208,0.10946271941243155,0.09915881958646892,0.0336602900587815,0.024585569037390904,0.012661201062010373,0.05578123140429674,0.0560354170401501,0.017739739594234916,0.04312531610777332,0.06346587091621654,0.023215524621084057,0.030507551542612407,0.030274324283048472,0.01876002496633531
U_0075,ocasional,2,0.019958882249903696,0.03452606863683353,0.08145305992903999,0.0014586546746372263,0.025395489275254014,0.023829646486963244,0.009092388327414944,0.010430204817156294,0.0645464767157815,0.09499776861505295,0.019455802497630008,0.07119522643651009,0.03887390582746826,0.0328567258472989,0.09741204333657956,0.018663571600586796,0.0226690146154208,0.013352562215123008,0.05439423897999424,0.09586176327697546,0.046366311255462075,0.12321019438291357
U_0076,ocasional,3,0.01542550862653374,0.03954594485753993,0.01678280557981129,0.09165211172825884,0.09359006017192413,0.03273901811923248,0.04135291374189879,0.029015234796066585,0.01749648120105465,0.022278437406998426,0.03019859810144716,0.06839485499272296,0.07723924969442382,0.10098929942034059,0.017118220080031048,0.0543461564531326,0.07108069178504085,0.014315252065630564,0.03428357861567774,0.0057034056050198146,0.04991484408297021,0.07653733287424382
U_0077,frecuente,33,0.004306356540818767,0.024857131539122158,0.006909866026765817,0.21418029742410347,0.03115382101162276,0.06825823671670873,3.311700121612014e-06,0.04613912545570111,0.06023293958503466,0.04646621698814533,0.011294070620762701,0.018095451082516062,0.060954053467206275,0.03627490014750389,0.04006407228209728,0.0642078195336947,0.033332063666702896,0.09889074368891727,0.058336562049174354,0.009028636266136125,0.06415352095497831,0.002860803252165716
U_0078,moderado,17,0.02091720574757077,0.07080028309256835,0.021797415822932802,0.060845399836115394,0.005872122640800506,0.06489282246244424,0.011842133598895055,0.04954424355172603,0.036532680189980904,0.11592586783059862,0.02145505286289667,0.0029979000809064464,0.0008470201365214855,0.07679792113366965,0.032577119893929266,0.06537197930853592,0.011698448353223168,0.01853541195115341,0.001338598289601427,0.14263021609524704,0.04826993371670727,0.11851022340397556
U_0079,frecuente,48,0.044782220947881285,0.004477317713186576,0.04907976970067478,0.03104215221966433,0.22853819563068742,0.025131510861692324,0.035957130218482986,0.022976279048319188,0.009364997835273486,0.011872880496376564,0.0009587254971193914,0.03566692629637943,0.291546139152062,0.004769760942650859,0.006972662368824532,0.009019466038600678,0.024382561076946516,0.00043723176994327727,0.05512739732354229,0.0038010652364409312,0.0015954205222863534,0.10250018910296456
U_0080,ocasional,1,0.016372734229336904,0.11626489799824859,0.08228284278479099,0.013868859683982944,0.02448839571123849,0.014630333596721373,0.04940717772554677,0.023590648364314747,0.004936414623508492,0.03605790475887825,0.07171782165178697,0.041247257161424064,0.056413499274092435,0.04424218767925284,0.06397094199879824,0.04720346040414504,0.03454207890034292,0.040863382672159686,0.10251209811961144,0.05869053251534375,0.016322359685292373,0.04037417046118241
U_0081,moderado,20,0.039568504388398824,0.013577289726925124,0.026457647664325516,0.07578072001863354,0.0015510811616285566,0.07317253146384595,0.013185520511747052,0.007485205919780004,0.00590571983479749,0.0013269661589245042,0.03561234903939939,0.011826430408545452,0.21852930012616853,0.04103355914363341,0.007125980967421771,0.05605992763345218,0.10952018076113873,0.06566566134046214,0.0038192708676521954,0.10865468006631823,0.07586425782593462,0.008277214970866855
U_0082,moderado,6,0.021795606169637355,0.012851274878477191,0.004848873487531699,0.03444752611504981,0.036057238383051304,0.100728968293405,0.01370160598797002,0.0262817996503727,0.09054242502999509,0.09507726461043413,0.02660316897295985,0.03367529644742514,0.01980193702297952,0.14775232937948446,0.006920285402052415,0.1487315259665452,0.06310176349953021,0.04155529653540401,0.0018194384427827268,0.03537000536112001,0.028703058073975673,0.009633312289816166
U_0083,frecuente,38,0.01609788763932025,0.17186330851877973,0.008346785412671346,0.11719512817891391,0.08088146337750346,0.007820470110778866,0.014912846775046,0.2470489919933995,0.028787033871713105,0.04141749156989051,0.011287714502582534,0.012106166749723963,0.0001240615453956432,0.0035647819932974455,0.03925560459541391,0.0013374978556912455,0.014303205289517815,0.0003680125734640552,0.02103276259500544,0.011913100342895236,0.12157605135606334,0.02875963315293256
